 75  10  40  67  87  18  18  95  89   6  68  41  82  34  67 
 81  10  51  97  31  80   6  57  50  19  50  59  50  80  38 
 25   8  49  65  75  36  84  94  84  25   0  52  67  34  38 
 86  67  48  89  65  79  70  23  36  72  94  39  31  44  71 
 21  21  79  70  87   7  59  23   1  43  48  61  47  67  39 
 37  53   6  85  43  71  64  65  46  53  89  92  92  20  88 
 15  41  10  95  64  97  54  23  20  55  18  20  60  17  40 
 51  54  45  57  91  88  81  55   5  27  60  94  72   4  66 
 60  20   8  70  67  24  19  21  47  91  28  17  12  40  86 
  4  91  92  49  48  83  90  29  90  95   9  51  90  81  55 
 56  41  75  16  64  94  92  83  15  91  75  43   8  39  35 
 46  43  26  38  44  75  21  34  56  12  30  65  63  72  98 
 70  80  92  98  49  56  92  41  91  60  33  66   3  93  57 
 39  40  52  17  78  97  92  52  31   1  64  61  62  79  85 
 17   1  66   9  99  15  65  44  56   8   4  89  75  59  83 

